[MDR-2]
ComPortSpeed=115200
InitTimeout=3000
LongReadTimeout=120000
ReadTimeout=1000
ComPort=/dev/ttyACM0
SN=55731323735351B032E1
MaxPos=32900
rDisp=2
idString=MDR-2
Grating=0
G1A0=162.928534482
G1A1=0.01723555
G2A0=328.9047179585
G2A1=0.0276009916474
G3A0=658.0
G3A1=0.0552
