[serial]
COMPORTSPEED=115200
READTIMEOUT=2
LONGREADTIMEOUT=120
WRITETIMEOUT=0.2
SHORTESTTIMEBETWEENREADS=0.1

[MDR-2]
MaxPos=32900
rDisp=2
idString=MDR-2
Grating=1
G1A0=162.928534482
G1A1=0.01723555
G2A0=328.9047179585
G2A1=0.0276009916474
G3A0=658.0
G3A1=0.0552
